90000
357604
799236
1411344
2190400
3132900
4235364
5494336
6906384
8468100
10176100
12027024
14017536
16144324
18404100
20793600
23309584
25948836
28708164
31584400
34574400
37675044
40883236
44195904
47610000
51122500
54730404
58430736
62220544
66096900
70056900
74097664
78216336
82410084
86676100
91011600
95413824
99880036
104407524
108993600
113635600
118330884
123076836
127870864
132710400
137592900
142515844
147476736
152473104
157502500
162562500
167650704
172764736
177902244
183060900
188238400
193432464
198640836
203861284
209091600
214329600
219573124
224820036
230068224
235315600
240560100
245799684
251032336
256256064
261468900
266668900
271854144
277022736
282172804
287302500
292410000
297493504
302551236
307581444
312582400
317552400
322489764
327392836
332259984
337089600
341880100
346629924
351337536
356001424
360620100
365192100
369715984
374190336
378613764
382984900
387302400
391564944
395771236
399920004
404010000
408040000
412008804
415915236
419758144
423536400
427248900
430894564
434472336
437981184
441420100
444788100
448084224
451307536
454457124
457532100
460531600
463454784
466300836
469068964
471758400
474368400
476898244
479347236
481714704
484000000
486202500
488321604
490356736
492307344
494172900
495952900
497646864
499254336
500774884
502208100
503553600
504811024
505980036
507060324
508051600
508953600
509766084
510488836
511121664
511664400
512116900
512479044
512750736
512931904
513022500
513022500
512931904
512750736
512479044
512116900
511664400
511121664
510488836
509766084
508953600
508051600
507060324
505980036
504811024
503553600
502208100
500774884
499254336
497646864
495952900
494172900
492307344
490356736
488321604
486202500
484000000
481714704
479347236
476898244
474368400
471758400
469068964
466300836
463454784
460531600
457532100
454457124
451307536
448084224
444788100
441420100
437981184
434472336
430894564
427248900
423536400
419758144
415915236
412008804
408040000
404010000
399920004
395771236
391564944
387302400
382984900
378613764
374190336
369715984
365192100
360620100
356001424
351337536
346629924
341880100
337089600
332259984
327392836
322489764
317552400
312582400
307581444
302551236
297493504
292410000
287302500
282172804
277022736
271854144
266668900
261468900
256256064
251032336
245799684
240560100
235315600
230068224
224820036
219573124
214329600
209091600
203861284
198640836
193432464
188238400
183060900
177902244
172764736
167650704
162562500
157502500
152473104
147476736
142515844
137592900
132710400
127870864
123076836
118330884
113635600
108993600
104407524
99880036
95413824
91011600
86676100
82410084
78216336
74097664
70056900
66096900
62220544
58430736
54730404
51122500
47610000
44195904
40883236
37675044
34574400
31584400
28708164
25948836
23309584
20793600
18404100
16144324
14017536
12027024
10176100
8468100
6906384
5494336
4235364
3132900
2190400
1411344
799236
357604
90000
